name: rfmc1
channels:
  - conda-forge
  - defaults
dependencies:
  - asttokens=3.0.1=pyhd8ed1ab_0
  - bzip2=1.0.8=h0ad9c76_8
  - ca-certificates=2025.11.12=h4c7d964_0
  - colorama=0.4.6=pyhd8ed1ab_1
  - comm=0.2.3=pyhe01879c_0
  - debugpy=1.8.19=py311h5dfdfe8_0
  - decorator=5.2.1=pyhd8ed1ab_0
  - executing=2.2.1=pyhd8ed1ab_0
  - ipykernel=7.1.0=pyh6dadd2b_0
  - ipython=9.8.0=pyhe2676ad_0
  - ipython_pygments_lexers=1.1.1=pyhd8ed1ab_0
  - jedi=0.19.2=pyhd8ed1ab_1
  - jupyter_client=8.7.0=pyhcf101f3_0
  - jupyter_core=5.9.1=pyh6dadd2b_0
  - krb5=1.21.3=hdf4eb48_0
  - libexpat=2.7.3=hac47afa_0
  - libffi=3.5.2=h52bdfb6_0
  - liblzma=5.8.1=h2466b09_2
  - libsodium=1.0.20=hc70643c_0
  - libsqlite=3.51.1=hf5d6505_1
  - libzlib=1.3.1=h2466b09_2
  - matplotlib-inline=0.2.1=pyhd8ed1ab_0
  - nest-asyncio=1.6.0=pyhd8ed1ab_1
  - openssl=3.6.0=h725018a_0
  - packaging=25.0=pyh29332c3_1
  - parso=0.8.5=pyhcf101f3_0
  - pip=25.3=pyh8b19718_0
  - platformdirs=4.5.1=pyhcf101f3_0
  - prompt-toolkit=3.0.52=pyha770c72_0
  - psutil=7.2.0=py311hf893f09_0
  - pure_eval=0.2.3=pyhd8ed1ab_1
  - pygments=2.19.2=pyhd8ed1ab_0
  - python=3.11.14=h0159041_2_cpython
  - python-dateutil=2.9.0.post0=pyhe01879c_2
  - python_abi=3.11=8_cp311
  - pywin32=311=py311hefeebc8_1
  - pyzmq=27.1.0=py311hb77b9c8_0
  - setuptools=80.9.0=pyhff2d567_0
  - six=1.17.0=pyhe01879c_1
  - stack_data=0.6.3=pyhd8ed1ab_1
  - tk=8.6.13=h2c6b04d_3
  - tornado=6.5.4=py311h3485c13_0
  - traitlets=5.14.3=pyhd8ed1ab_1
  - typing_extensions=4.15.0=pyhcf101f3_0
  - ucrt=10.0.26100.0=h57928b3_0
  - vc=14.3=h2b53caa_33
  - vc14_runtime=14.44.35208=h818238b_33
  - vcomp14=14.44.35208=h818238b_33
  - wcwidth=0.2.14=pyhd8ed1ab_0
  - wheel=0.45.1=pyhd8ed1ab_1
  - zeromq=4.3.5=h5bddc39_9
  - pip:
      - certifi==2025.11.12
      - numpy==2.4.0
      - pandas==2.3.3
      - py4j==0.10.9.7
      - pyarrow==22.0.0
      - pyspark==3.5.1
      - pytz==2025.2
      - tzdata==2025.3
      - ucimlrepo==0.0.7
prefix: C:\Users\U1\miniconda3\envs\rfmc1
